[Variables]
botao_touched = 0
botao_z = 0
last_tool = 4
ref0 = 3.0015624999999995
ref1 = 3.3203124999936353
ref2 = 2.6568749999875596
ref3 = 2.6712499999808808
tool = 3
tool_0_offset_z = 0.4
tool_1_offset_z = 0.1
tool_2_offset_z = -0.2
tool_temp_1 = 0.0
tool_temp_2 = 0.0
tool_temp_3 = 0.0
tool_temp_4 = 0.0

