[Variables]
botao_touched = 0
botao_z = 0
err_wait_docked_count = 3
err_wait_undocked_count = 3
head_sensor_now = 1
head_sensor_state = 0
home_trocador_done = True
ignore_init_tool_check = True
last_tool = 4
ref0 = 3.0015624999999995
ref1 = 3.3203124999936353
ref2 = 2.6568749999875596
ref3 = 2.6712499999808808
ref4 = 2.6712499999808808
sensor_loop_on = False
tool = 0
tool_0_offset_z = 0.05000000000000002
tool_1_offset_z = 0.2
tool_2_offset_z = -0.4350000000000001
tool_3_offset_z = 0.875
tool_4_offset_z = 0.875
tool_temp_1 = 0.0
tool_temp_2 = 0.0
tool_temp_3 = 0.0
tool_temp_4 = 100.0

